42533302
42533307
42533309
42533343
42533368
42533376
42533382
42533490
42533545
42533626
42533668
42533669
42533701
42533713
42533758
42533862
42534417
42535264
42535283
42535338
42535359
42535387
42535417
42535432
42535454
42535465
42535469
42535505
42535511
42535513
42535514
42535515
42535517
42535518
42535520
42535540
42535554
42535568
42535712
42535713
42535714
42535715
42535716
42535717
42535772
42535861
42535875
42535876
42535897
42535902
42535908
42535913
42535932
42535980
42535981
42535982
42535983
42535992
42536017
42536019
42536021
42536024
42536042
42536045
42536054
42536064
42536072
42536110
42536111
42536134
42536359
42536361
42536362
42536365
42536367
42536379
42536380
42536382
42536384
42536385
42536386
42536387
42536388
42536397
42536398
42536399
42536413
42536415
42536419
42536420
42536434
42536435
42536472
42536505
42536508
42536661
42536768
42536774
42536777
42536798
42536826
42536881
42536971
42536982
42536983
42536987
42536988
42536990
42536999
42537000
42537005
42537009
42537013
42537020
42537273
42537523
42537648
42537651
42537676
42537677
42537678
42537679
42537680
42537684
42537695
42537704
42537705
42537785
42537786
42537850
42537864
42537881
42537882
42537883
42537893
42537972
42537973
42537974
42537978
42537983
42538041
42538042
42538043
42538044
42538050
42538051
42538052
42538055
42538056
42538063
42538064
42538065
42538066
42538067
42538099
42538141
42538151
42538152
42538194
42538231
42538290
42538291
42538292
42538314
42538346
42538347
42538353
42538354
42538392
42538393
42538394
42538395
42538411
42538412
42538427
42538428
42538429
42538430
42538447
