42528017
42528083
42528170
42528255
42528271
42528333
42528376
42528451
42528478
42529462
42529556
42529818
42529831
42529936
42529987
42530022
42530027
42530028
42530031
42530032
42530093
42530227
42530279
42530298
42530332
42530333
42530338
42530340
42530342
42530360
42530377
42530378
42530383
42530392
42530414
42530431
42530432
42530461
42530463
42530519
42530523
42530526
42530529
42530568
42530873
42530890
42530893
42530898
42530899
42530900
42530908
42530909
42530910
42530911
42530913
42530914
42530915
42530917
42530918
42530922
42530923
42530938
42530940
42530944
42530945
42530946
42530948
42530949
42530950
42530951
42530952
42530953
42530955
42530978
42530979
42531000
42531097
42531117
42531250
42531366
42531373
42531374
42531378
42531388
42531396
42531398
42531407
42531411
42531412
42531418
42531431
42531433
42531454
42531463
42531464
42531472
42531529
42531532
42531533
42531534
42531535
42531536
42531537
42531538
42531539
42531540
42531541
42531542
42531543
42531544
42531545
42531546
42531560
42531569
42531570
42531606
42531871
42532045
42532046
42532054
42532055
42532056
42532057
42532058
42532059
42532060
42532061
42532062
42532063
42532064
42532065
42532066
42532067
42532068
42532069
42532070
42532071
42532072
42532073
42532074
42532075
42532076
42532079
42532080
42532081
42532082
42532083
42532141
42532158
42532159
42532160
42532215
42532224
42532243
42532244
42532245
42532267
42532268
42532278
42532279
42532315
42532335
42532336
42532415
42532416
42532417
42532418
42532419
42532422
42532423
42532424
42532425
42532426
42532427
42532428
42532429
42532430
42532431
42532432
42532433
42532434
42532435
42532436
42532437
42532506
42532509
42532510
42532513
42532514
42532515
42532521
42532543
42532544
42532545
42532552
42532554
42532555
42532583
42532585
42532586
42532587
42532591
42532592
42532594
42532634
42532635
42532636
42532637
42532666
42532667
42532669
42532671
42532672
42532712
42532724
42532739
42532850
42532851
42532853
42533004
42533019
42533031
42533032
42533035
42533036
42533037
42533058
42533073
42533074
42533075
42533076
42533077
42533078
42533146
42533268
42533276
42533279
42533293
