42538587
42538588
42538589
42538590
42538591
42538592
42538614
42538636
42538728
42538794
42538804
42538806
42538810
42538826
42538831
42538872
42538879
42540249
42541134
42541157
42541350
42541359
42541377
42541378
42541383
42541391
42541459
42541498
42541508
42541509
42541759
42541876
42541877
42541912
42542179
42542180
42542186
42542187
42542188
42542189
42542245
42542246
42542247
42542253
42542254
42542267
42542277
42542310
42542311
42542327
42542372
42542373
42542374
42542375
42542376
42542377
42542378
42542379
42542380
42542381
42542382
42542384
42542402
42542439
42542440
42542452
42542457
42542458
42542459
42542465
42542476
