42480208
42480210
42480213
42480215
42480218
42480219
42480221
42480228
42480258
42480341
42480342
42480507
42480510
42480511
42480544
42480562
42480563
42480564
42480565
42480566
42480567
42480568
42480569
42480570
42480571
42480572
42480573
42480574
42480575
42480579
42480641
42480642
42480660
42480661
42480662
42480663
42480664
42480665
42480666
42480667
42480698
42480699
42480700
42480718
42480783
42480784
42480785
42480802
42480803
42480819
42480820
42480825
42480826
42480827
42480841
42480858
42480859
42480860
42480861
42480891
42480939
42480980
42481001
42481020
42481021
42481022
42481066
42481067
42481068
42481069
42481070
42481071
42481073
42481074
42481075
42481078
42481080
42481081
42481082
42481083
42481125
42481135
42481166
42481167
42481168
42481212
42481213
42481214
42481215
42481216
42481217
42481235
42481236
42481237
42481261
42481270
42481271
42481275
42481381
42481382
42481383
42481397
42481398
42481399
42481400
42481431
42481436
42481629
42481630
42481631
42481632
42481643
42481664
42481711
42481717
42481735
42481744
42481745
42481778
42481788
42481789
42481796
42481797
42481851
42481852
42481853
42481854
42481915
42481922
42481924
42481926
42481928
42482110
42482123
42482139
42482152
42482169
42482288
42482318
42482319
42482323
42482329
42482420
42482542
42482572
42482599
42482600
42483807
42483814
42483855
42483868
42483871
42483929
42483931
42483941
42484006
42484022
42484178
42484277
42484290
42484291
42484294
42484370
42484371
42484383
42484423
42484446
42484455
42484477
42484495
42484497
42484571
42484582
42484583
42484584
42484585
42484586
42484589
42484593
42484594
42484595
42485009
42485011
42485012
42485013
42485015
42485016
42485018
42485019
42485020
42485021
42485022
42485024
42485025
42485026
42485027
42485028
42485029
42485031
42485032
42485033
42485034
42485049
42485050
42485053
42485055
42485094
42485095
42485097
42485098
42485099
42485100
42485103
42485104
42485106
42485107
42485126
42485161
42485182
42485197
42485198
42485199
42485335
42485338
42485576
42485581
42485585
42485587
42485588
42485589
42485591
42485598
42485601
42485603
42485605
42485606
42485607
42485615
42485618
42485620
42485622
42485627
42485628
42485629
42485630
42485631
42485632
42485633
42485634
42485635
42485636
42485637
42485638
42485639
42485640
42485641
42485642
42485644
42485645
42485649
42485662
42485667
42485668
42485767
42485768
42485861
42485868
42485869
42485870
42485924
42486095
42486096
42486097
42486098
42486113
42486114
42486115
42486116
42486117
42486118
42486119
42486120
42486121
42486122
42486123
42486124
42486125
42486126
42486127
42486128
42486129
42486130
42486131
42486132
42486133
42486191
42486192
42486217
42486224
42486225
42486226
42486265
42486266
42486302
42486303
42486304
42486305
42486307
42486308
42486340
42486341
42486371
42486383
42486385
42486393
42486394
42486395
42486422
42486423
42486428
42486429
42486480
42486491
42486492
42486494
42486539
42486540
42486541
42486542
42486604
42486605
42486606
42486607
42486608
42486611
42486612
42486613
42486614
42486616
42486617
42486618
42486619
42486620
42486621
42486622
42486623
42486624
42486625
42486667
42486668
42486669
42486676
42486677
42486680
42486681
42486801
42486802
42486803
42486804
42486805
42486806
42486807
42486808
42486809
42486869
42486870
42486885
42486886
42486896
42486898
42486915
42486916
42486917
42486926
42486942
42486943
42486944
42486974
42486975
42486977
42486978
42486979
42486980
42486984
42486986
42486991
42486995
42486998
42487026
42487038
42487060
42487061
42487062
42487132
42487137
42487317
42487478
42487537
42487611
42487612
42487638
42488471
42488472
42488952
42488958
42488979
42488981
42488989
42488995
42489000
42489003
42489056
42489057
42489058
42489059
42489062
42489063
42489065
42489067
42489068
42489069
42489070
42489071
42489072
42489073
42489074
42489075
42489077
42489079
42489091
42489098
42489099
42489104
42489105
42489128
42489130
42489131
42489134
42489135
42489145
42489153
42489158
42489258
42489413
42489524
42489533
42489559
42489569
42489570
42489571
42489572
42489575
42489597
42489606
42489607
42489608
42489616
42489629
42489631
42489677
42489683
42489696
42489705
42489827
42490058
42490071
42490072
42490075
42490076
42490077
42490078
42490080
42490082
42490083
42490084
42490085
42490087
42490088
42490089
42490090
42490091
42490093
42490097
42490098
42490099
42490100
42490101
42490102
42490103
42490104
42490105
42490107
42490108
42490120
42490121
42490122
42490123
42490124
42490125
42490126
42490127
42490128
42490149
42490188
42490203
42490211
42490213
42490215
42490289
42490290
42490294
42490296
42490360
42490461
42490471
42490473
42490476
42490484
42490485
42490487
42490492
42490494
42490495
42490515
42490524
42490534
42490546
42490547
42490549
42490550
42490551
42490558
42490559
42490566
42490572
42490575
42490607
42490641
42490742
42490958
42492014
42492015
42492016
42492017
42492019
42492020
42492022
42492030
42492031
42492032
42492033
42492035
42492036
42492037
42492038
42492039
42492040
42492041
42492042
42492043
42492044
42492045
42492047
42492053
42492064
42492066
42492076
42492078
42492079
42492080
42492084
42492159
42492160
42492306
42492307
42492308
42492403
42492404
42492482
42492518
42492519
42492520
42492521
42492544
42492545
42492546
42492547
42492548
42492549
42492550
42492551
42492552
42492553
42492554
42492555
42492556
42492557
42492558
42492559
42492560
42492561
42492562
42492563
42492564
42492601
42492607
42492608
42492609
42492618
42492619
42492620
42492621
42492622
42492623
42492632
42492633
42492634
42492647
42492656
42492657
42492658
42492659
42492660
42492716
42492740
42492825
42492842
42492852
42492853
42492854
42492855
42492856
42492857
42492906
42492934
42492935
42492938
42492943
42492944
42492946
42492947
42492948
42492949
42492950
42492951
42492952
42492953
42492955
42492956
42492957
42492958
42492959
42492960
42492961
42492983
42492984
42492985
42492986
42492987
42492988
42492989
42492990
42492991
42492992
42492993
42492995
42493227
42493232
42493233
42493234
42493238
42493239
42493240
42493284
42493287
42493308
42493309
42493310
42493311
42493343
42493367
42493369
42493428
42493532
42493536
42493551
42493552
42493553
42493554
42493555
42493556
42493557
42493561
42493571
42493572
42493573
42493608
42493609
42493610
42493766
42493804
42493813
42494134
42494174
42494235
42494264
42494318
42494322
42494786
42495730
42495732
42495733
42495739
42495812
42495858
42495944
42495988
42495999
42496076
42496134
42496135
42496137
42496149
42496155
42496159
42496160
42496194
42496221
42496581
42496593
42496615
42496643
42496659
42496660
42496667
42496673
42496971
42496982
42496984
42496987
42496988
42496990
42496992
42496993
42496994
42496995
42496996
42496997
42497005
42497013
42497031
42497038
42497065
42497067
42497069
42497075
42497078
42497187
42497298
42497302
42497358
42497362
42497367
42497370
42497372
42497373
42497374
42497377
42497379
42497381
42497403
42497411
42497412
42497600
42497601
42497864
42497865
42497870
42497871
42497872
42497873
42497874
42497875
42497876
42497877
42497878
42497879
42497880
42497917
42497918
42497919
42497920
42497921
42497922
42497923
42497924
42497925
42497926
42497927
42497974
42497975
42497976
42497999
42498034
42498035
42498055
42498056
42498057
42498058
42498059
42498060
42498061
42498083
42498210
42498237
42498238
42498239
42498265
42498272
42498280
42498281
42498282
42498283
42498284
42498285
42498286
42498305
42498306
42498307
42498308
42498310
42498311
42498312
42498313
42498314
42498326
42498501
42498579
42498605
42498610
42498621
42498622
42498623
42498645
42498670
42498671
42498680
42498681
42498740
42498741
42498742
42498779
42498780
42498781
42498782
42498808
42498810
42498826
42498827
42498828
42498829
42498830
42498834
42498933
42498964
