42522061
42522065
42522066
42522067
42522084
42522128
42522155
42522180
42522332
42522373
42522564
42522566
42522567
42522580
42522606
42522669
42522698
42522714
42522903
42522957
42522959
42522967
42522971
42523013
42523015
42523016
42523019
42523025
42523176
42523186
42523188
42524323
42524406
42524460
42524710
42524711
42524712
42524718
42524719
42524764
42524774
42524793
42524794
42524795
42524796
42524797
42524798
42524800
42524801
42524802
42524803
42524804
42524805
42524806
42524807
42524808
42524809
42524810
42524830
42524833
42524841
42524854
42524869
42525086
42525136
42525137
42525138
42525380
42525381
42525382
42525391
42525392
42525393
42525394
42525395
42525396
42525397
42525398
42525399
42525400
42525401
42525402
42525403
42525404
42525405
42525406
42525407
42525408
42525419
42525420
42525421
42525423
42525424
42525425
42525426
42525428
42525430
42525431
42525432
42525444
42525458
42525557
42525560
42525562
42525564
42525722
42525730
42525732
42525794
42525795
42525796
42525838
42525862
42525865
42525870
42525894
42525896
42525898
42525899
42525900
42525901
42525902
42525903
42525904
42525905
42525906
42525907
42525921
42525923
42525925
42525945
42525956
42525957
42525958
42526022
42526023
42526026
42526027
42526028
42526029
42526030
42526031
42526032
42526033
42526034
42526035
42526036
42526037
42526038
42526039
42526040
42526041
42526042
42526043
42526044
42526045
42526047
42526048
42526052
42526077
42526078
42526079
42526280
42526287
42526288
42526297
42526298
42526440
42526441
42526443
42526444
42526445
42526463
42526464
42526465
42526466
42526467
42526468
42526469
42526470
42526471
42526472
42526473
42526474
42526475
42526509
42526582
42526628
42526629
42526630
42526632
42526633
42526677
42526678
42526725
42526726
42526731
42526732
42526735
42526736
42526795
42526796
42526797
42526798
42526803
42526804
42526805
42526806
42526807
42526808
42526809
42526810
42526811
42526812
42526813
42526841
42526844
42526888
42526889
42526890
42526907
42526936
42526937
42526938
42526939
42526940
42526941
42526942
42526943
42526947
42526948
42526949
42527105
42527112
42527113
42527114
42527119
42527152
42527162
42527163
42527385
42527429
42527514
42527534
42527535
42527536
42527537
42527538
42527540
42527541
42527542
42527543
42527555
42527568
42527569
42527570
42527577
42527588
42527591
42527598
42527601
42527610
42527644
42527646
42527648
42527665
42527666
42527667
42527820
42527844
42527851
42527868
42527872
42527873
42527920
42527922
42527945
