42498979
42499138
42499150
42499183
42499995
42500309
42500310
42500311
42500312
42500826
42500835
42500842
42500924
42500974
42500977
42500978
42500982
42500994
42500996
42501021
42501045
42501050
42501300
42501305
42501316
42501318
42501320
42501323
42501325
42501359
42501425
42501426
42501455
42501621
42501622
42501796
42501797
42501798
42501799
42501800
42501868
42501879
42501880
42501881
42501939
42501940
42501941
42501956
42501957
42501958
42501959
42502003
42502007
42502008
42502040
42502051
42502052
42502062
42502063
42502064
42502111
42502112
42502113
42502117
42502133
42502134
42502135
42502136
42502137
42502138
42502164
42502172
