42504820
42504821
42504828
42504838
42504871
42504927
42504928
42504937
42504953
42504963
42505019
42505032
42505035
42505036
42505037
42505043
42505045
42506882
42506886
42506952
42506959
42506960
42507009
42507010
42507044
42507108
42507109
42507375
42507385
42507387
42507395
42507396
42507423
42507425
42507426
42507427
42507428
42507429
42507430
42507431
42507432
42507435
42507436
42507437
42507440
42507454
42507455
42507456
42507457
42507459
42507461
42507462
42507464
42507466
42507467
42507480
42507489
42507540
42507545
42507569
42507670
42507768
42507769
42507770
42507771
42507772
42507773
42507774
42507775
42507776
42507777
42507778
42507779
42507780
42507781
42507782
42507783
42507784
42507785
42507786
42507787
42507788
42507789
42507790
42507791
42507792
42507793
42507794
42507795
42507796
42507797
42507798
42507799
42507800
42507833
42507901
42507965
42507966
42507967
42507968
42507969
42507970
42507971
42507974
42507975
42507976
42507982
42507986
42507996
42507998
42508010
42508013
42508014
42508015
42508016
42508185
42508186
42508271
42508272
42508326
42508405
42508406
42508408
42508409
42508427
42508428
42508429
42508430
42508431
42508432
42508433
42508434
42508435
42508436
42508437
42508438
42508439
42508440
42508441
42508442
42508444
42508445
42508446
42508488
42508489
42508490
42508493
42508598
42508599
42508600
42508601
42508602
42508606
42508607
42508608
42508609
42508610
42508611
42508612
42508613
42508614
42508648
42508649
42508650
42508651
42508681
42508682
42508683
42508708
42508709
42508710
42508725
42508743
42508744
42508771
42508772
42508791
42508792
42508807
42508809
42508812
42508814
42508815
42508817
42508818
42508823
42508824
42508826
42508827
42508830
42508831
42508832
42508833
42508834
42508835
42508836
42508837
42508838
42508839
42508993
42508994
42508996
42509019
42509021
42509031
42509032
42509076
42509077
42509078
42509079
42509111
42509158
42509208
42509228
42509232
42509251
42509252
42509253
42509254
42509255
42509256
42509268
42509297
42509298
42509299
42509311
42509312
42509313
42509314
42509327
42509328
42509371
42509372
42509385
42509427
42509428
42509429
42509430
42509552
42509554
42509567
42509571
42509572
