42509615
42509647
42515815
42515818
42515819
42515823
42515841
42515850
42515852
42515988
42516049
42517218
42517220
42517252
42517276
42517279
42517441
42517460
42517488
42517498
42517506
42517545
42517559
42517561
42517565
42517566
42517573
42517578
42517590
42517592
42517649
42517686
42517687
42517723
42517728
42517827
42517850
42517851
42517852
42517853
42517858
42517892
42517893
42517927
42517928
42518185
42518197
42518202
42518206
42518217
42518265
42518526
42518527
42519367
42519368
42519591
42519913
42519957
42519970
42519989
42519990
42520058
42520060
42520136
42520193
42520196
42520198
42520199
42520200
42520216
42520248
42520255
42520263
42520264
42520302
42520303
42520349
42520374
42520395
42520406
42520448
42520534
42520535
42520536
42520537
42520586
42520587
42520588
42520589
42520590
42520591
42520592
42520593
42520594
42520787
42520804
42520805
42520806
42520821
42520822
42520823
42520824
42520825
42520826
42520827
42520828
42520914
42520962
42520963
42520964
42521013
42521014
42521015
42521016
42521017
42521018
42521022
42521023
42521024
42521031
42521063
42521064
42521065
42521089
42521098
42521137
42521138
42521147
42521148
42521149
42521150
42521151
42521152
42521153
42521244
42521346
42521349
42521352
42521353
42521354
42521355
42521359
42521382
42521383
42521384
42521441
42521442
42521444
42521455
42521461
42521465
42521466
42521467
42521468
42521471
42521473
42521475
42521477
42521478
42521479
42521480
42521486
42521487
42521491
42521495
42521500
42521503
42521508
42521523
42521525
42521594
42521604
42521605
42521606
42521608
42521615
42521616
42521618
42521619
42521622
42521631
42521635
42521636
42521638
42521639
42521641
42521649
42521652
42521653
42521656
42521658
42521659
42521660
42521671
42521678
42521685
42521701
42521708
42521726
42521729
42521731
42521732
42521737
42521761
42521762
42521773
42521777
42521793
42521794
42521795
42521796
42521797
42521798
42521799
42521800
42521801
42521814
42521817
42521818
42521819
42521820
42521821
42521884
42521984
42522002
